#TITLE:drop pop candy;
#SUBTITLE:;
#ARTIST:Giga-P & れをる;
#TITLETRANSLIT:;
#SUBTITLETRANSLIT:;
#ARTISTTRANSLIT:Giga-P & Reol;
#GENRE:;
#CREDIT:;
#BANNER:drop pop candy-bn.png;
#BACKGROUND:drop pop candy-bg-wide.png;
#LYRICSPATH:;
#CDTITLE:cd-title-Benpai.png;
#MUSIC:drop pop candy.ogg;
#OFFSET:0.009000;
#SAMPLESTART:51.682999;
#SAMPLELENGTH:29.529499;
#SELECTABLE:YES;
#BPMS:0.000000=130.000000
;
#STOPS:
;
#BGCHANGES:;
#KEYSOUNDS:;
#ATTACKS:;

//---------------dance-single - Benpai----------------
#NOTES:
     dance-single:
     Benpai SX:
     Challenge:
     9:
     0.551409,0.565808,0.118310,0.776409,0.151585,522.000000,506.000000,16.000000,105.000000,15.000000,0.000000,0.551409,0.565808,0.118310,0.776409,0.151585,522.000000,506.000000,16.000000,105.000000,15.000000,0.000000:
  // measure 0
0000
0000
0000
0000
,  // measure 1
0000
0000
0000
0000
,  // measure 2
0000
0000
0000
0000
,  // measure 3
0000
0000
0000
0000
,  // measure 4
1001
0000
1000
0000
0100
0000
1000
0001
1000
0000
0010
0100
0001
0000
1000
0000
,  // measure 5
0100
0000
1000
0001
0100
0000
0010
0000
0000
0000
0010
0000
0010
0000
0100
0000
,  // measure 6
0001
0000
1000
0100
0010
0000
0100
1000
0001
0000
1000
0000
0001
0000
0100
0000
,  // measure 7
0010
0000
0100
0001
0010
0000
0100
1000
0001
0000
0001
0000
0100
0000
0010
0000
,  // measure 8
1000
1000
0001
1000
0200
0000
0310
0002
,  // measure 9
0000
1003
0010
1000
0100
0020
0000
0031
,  // measure 10
1000
0002
0203
0320
2030
0000
3020
2030
,  // measure 11
3200
0320
0030
0200
0000
2300
3002
1003
,  // measure 12
0010
0010
0100
0001
2000
0000
3100
0020
,  // measure 13
0000
0130
1000
0001
1000
0020
0000
0130
,  // measure 14
0101
0000
0000
0000
1100
0000
0100
0000
0010
0001
0010
0000
0000
0000
0100
1000
,  // measure 15
0001
0100
0001
0010
0400
0000
4300
0000
,  // measure 16
3010
0100
0001
1000
0100
1000
0001
1000
,  // measure 17
0010
0100
0001
2000
0000
3100
1000
0001
,  // measure 18
0100
0010
0100
0001
1000
0100
0010
0100
,  // measure 19
1000
0001
1000
0020
0000
0130
0001
0010
,  // measure 20
200M
0000
3010
0100
1000
0001
0100
0001
,  // measure 21
0010
0001
0100
0020
0000
1030
1000
0001
,  // measure 22
0020
0000
0000
0000
0130
0000
0000
0000
1000
0000
0001
0100
0010
0000
0010
0000
,  // measure 23
0100
0001
0010
0200
0000
1300
0001
0001
,  // measure 24
0100
1M00
0001
0010
0100
0M01
0010
0100
,  // measure 25
1000
M010
0001
1000
0010
00M1
0010
0001
,  // measure 26
0100
1M00
0010
1000
0100
0M01
0100
0010
,  // measure 27
1010
0101
1100
0011
,  // measure 28
1001
0000
0001
0000
0100
0000
0010
0000
1000
0001
0020
0000
0000
0030
0100
0000
,  // measure 29
1000
0001
0010
0100
0010
0001
1000
0010
,  // measure 30
0100
0000
0000
0000
0002
0000
2003
0000
3002
0000
0023
0000
0030
0000
0100
1000
,  // measure 31
0200
0000
0000
0000
0000
0300
1000
0001
0100
0000
0100
0000
0020
0000
0000
0030
,  // measure 32
1000
0000
0100
0000
0010
0000
0100
0000
1000
0001
0200
0000
0000
0300
0001
0000
,  // measure 33
1000
0100
0010
0100
1000
0001
1000
0010
,  // measure 34
0100
0000
0000
0000
0002
0000
2003
0000
3002
0000
0023
0000
0030
0000
0100
1000
,  // measure 35
0002
0000
0000
0000
0003
0000
0100
0010
1000
0000
0010
1000
0001
1000
0100
0000
,  // measure 36
M11M
0000
1000
0000
1000
0000
0001
0000
0200
0000
0000
0320
0000
0000
2030
0000
,  // measure 37
3001
0000
0010
0000
0010
0000
0100
0000
0200
0000
0000
2300
0000
0000
3020
0000
,  // measure 38
0130
0000
0001
0000
0001
0000
1000
0000
0100
0000
1000
0020
0000
0000
0130
0000
,  // measure 39
0001
0000
0010
0000
2000
0000
3020
0000
0000
0030
0100
0000
2000
0000
3020
0000
,  // measure 40
0130
0000
0001
0000
0002
0000
0103
0000
0020
0000
1030
0002
0000
0000
0023
0000
,  // measure 41
0130
0000
1000
0000
1000
0000
0001
0000
0200
0000
0301
2000
0000
0000
3200
0000
,  // measure 42
0310
0000
0100
0000
0100
0000
1000
0000
0001
0000
0100
0020
0000
0000
2030
0000
,  // measure 43
3001
0010
0100
0010
0001
0100
0001
1000
,  // measure 44
01MM
0020
0000
0000
0000
0130
0010
0001
,  // measure 45
0100
0000
0010
0000
1000
0000
0200
0000
0000
0300
2000
0000
0000
3000
0001
0000
,  // measure 46
0200
0000
0000
0000
0000
0000
0000
0300
0000
0000
0001
0000
0001
0000
0100
0000
,  // measure 47
1000
0000
0100
0000
0010
0000
2000
0000
0000
3000
0200
0000
0000
0000
1300
0010
,  // measure 48
0200
0000
0000
0000
0000
0000
0000
0300
0000
0000
0010
0000
0010
0000
1000
0000
,  // measure 49
0001
0200
0000
0320
0000
2030
0000
3100
,  // measure 50
0010
0100
1000
0001
0100
0010
1000
0001
,  // measure 51
0101
0000
0000
0000
1100
0000
1000
0100
0010
0000
0001
0000
1001
0000
0000
0000
,  // measure 52
4000
0000
3000
0000
0000
0000
0000
0000
0400
0000
0000
0000
0300
0000
0000
0000
0040
0000
0000
0000
0030
0000
0000
0000
0014
0000
0000
0000
0000
0003
0000
0000
,  // measure 53
1001
0000
1000
0000
0010
0000
0100
0000
0001
1000
0200
0000
0000
0300
0010
0000
,  // measure 54
0001
1000
0100
0010
0100
1000
0001
0100
,  // measure 55
0010
0000
0000
0000
2000
0000
3002
0000
2003
0000
3200
0000
0300
0000
0010
0001
,  // measure 56
0020
0000
0000
0000
0000
0030
0001
1000
0010
0000
0100
0001
1000
0100
0010
0000
,  // measure 57
M11M
0000
0001
0000
0001
0000
1000
0000
0020
0000
0000
0230
0000
0000
0302
0000
,  // measure 58
1003
0000
0100
0000
0100
0000
0010
0000
0020
0000
0000
0032
0000
0000
0203
0000
,  // measure 59
0301
0000
1000
0000
1000
0000
0100
0000
0010
0000
0001
0200
0000
0000
0320
0000
,  // measure 60
1030
0100
0002
0203
0300
0010
0002
1003
,  // measure 61
0010
0000
1000
0000
2000
0000
3010
0000
0200
0000
0301
2000
0000
0000
3200
0000
,  // measure 62
0310
0000
0001
0000
0001
0000
1000
0000
0020
0000
0130
0002
0000
0000
0023
0000
,  // measure 63
0130
0000
0010
0000
0010
0000
0001
0000
1000
0000
0010
0200
0000
0000
0302
0000
,  // measure 64
1003
0100
0010
0100
1000
0010
1000
0001
,  // measure 65
1MM0
0020
0130
0001
1000
0100
0010
0100
,  // measure 66
1000
0020
0230
0302
2003
3200
0320
0032
,  // measure 67
1003
0000
0002
0000
0103
0000
0010
0000
0100
0000
0001
0000
1000
0000
0100
0010
,  // measure 68
0200
0000
2300
0000
3001
0000
0000
0000
0102
0000
0000
0000
1003
0000
0010
0100
,  // measure 69
0001
1000
0100
1000
1000
0001
0010
0001
,  // measure 70
0100
0010
0000
1000
0000
1000
1000
0100
,  // measure 71
1000
0000
0010
0000
0100
0000
0001
0000
0010
0000
0100
1000
0010
0000
0100
0000
,  // measure 72
0001
0000
1000
0000
0100
0000
2000
0000
3001
0000
0100
0010
1000
0000
1000
0000
;

//---------------dance-single - Benpai----------------
#NOTES:
     dance-single:
     Benpai SN:
     Beginner:
     2:
     0.118310,0.159718,0.029577,0.000000,0.000000,112.000000,108.000000,4.000000,0.000000,0.000000,0.000000,0.118310,0.159718,0.029577,0.000000,0.000000,112.000000,108.000000,4.000000,0.000000,0.000000,0.000000:
  // measure 0
0000
0000
0000
0000
,  // measure 1
0000
0000
0000
0000
,  // measure 2
0000
0000
0000
0000
,  // measure 3
0000
0000
0000
0000
,  // measure 4
0000
0000
0000
0000
,  // measure 5
0000
0000
0000
0000
,  // measure 6
0000
0000
0000
0000
,  // measure 7
0000
0000
0000
0000
,  // measure 8
0001
0000
0000
0000
,  // measure 9
1000
0000
0000
0000
,  // measure 10
0100
0000
0000
0000
,  // measure 11
0010
0000
0000
0000
,  // measure 12
0001
0000
0000
0000
,  // measure 13
1000
0000
0000
0000
,  // measure 14
0010
0000
0000
0000
,  // measure 15
0100
0000
0000
0000
,  // measure 16
0001
0000
0001
0000
,  // measure 17
1000
0000
1000
0000
,  // measure 18
0100
0000
0100
0000
,  // measure 19
0010
0000
0010
0000
,  // measure 20
0001
0000
0001
0000
,  // measure 21
0100
0000
0100
0000
,  // measure 22
0001
0000
1000
0000
,  // measure 23
0001
0000
1000
0000
,  // measure 24
0100
0000
0100
0000
,  // measure 25
0010
0000
0010
0000
,  // measure 26
0001
0000
0001
0000
,  // measure 27
1000
0000
0000
0000
,  // measure 28
1001
0000
0100
0000
,  // measure 29
0001
0000
0010
0000
,  // measure 30
0001
0000
1000
0000
,  // measure 31
1000
0000
0100
0000
,  // measure 32
1000
0000
0010
0000
,  // measure 33
1000
0000
0100
0000
,  // measure 34
1000
0000
0001
0000
,  // measure 35
0001
0000
0100
0000
,  // measure 36
0110
0000
1000
0000
,  // measure 37
0001
0000
1000
0000
,  // measure 38
0010
0000
0100
0000
,  // measure 39
0001
0000
0010
0000
,  // measure 40
0001
0000
1000
0000
,  // measure 41
0100
0000
1000
0000
,  // measure 42
0010
0000
1000
0000
,  // measure 43
0001
0000
0010
0000
,  // measure 44
0100
0000
0000
0000
,  // measure 45
1000
0000
0000
0000
,  // measure 46
0001
0000
0000
0000
,  // measure 47
0100
0000
0000
0000
,  // measure 48
0010
0000
0000
0000
,  // measure 49
0100
0000
0000
0000
,  // measure 50
0001
0000
0000
0000
,  // measure 51
1000
0000
1000
0000
,  // measure 52
0000
0000
0000
0000
,  // measure 53
1001
0000
0100
0000
,  // measure 54
0001
0000
0010
0000
,  // measure 55
0001
0000
1000
0000
,  // measure 56
1000
0000
0100
0000
,  // measure 57
0110
0000
0001
0000
,  // measure 58
1000
0000
0001
0000
,  // measure 59
0100
0000
0010
0000
,  // measure 60
1000
0000
0100
0000
,  // measure 61
1000
0000
0001
0000
,  // measure 62
0010
0000
0001
0000
,  // measure 63
0100
0000
0001
0000
,  // measure 64
1000
0000
0100
0000
,  // measure 65
1000
0000
0001
0000
,  // measure 66
1000
0000
0010
0000
,  // measure 67
1000
0000
0001
0000
,  // measure 68
0100
0000
0010
0000
,  // measure 69
1000
0000
0000
0000
,  // measure 70
1000
0000
0000
0000
,  // measure 71
0001
0000
0000
0000
,  // measure 72
0001
0000
0000
0000
;

//---------------dance-single - Benpai----------------
#NOTES:
     dance-single:
     Benpai SE:
     Easy:
     3:
     0.158451,0.215546,0.029577,0.051761,0.000000,150.000000,146.000000,4.000000,7.000000,0.000000,0.000000,0.158451,0.215546,0.029577,0.051761,0.000000,150.000000,146.000000,4.000000,7.000000,0.000000,0.000000:
  // measure 0
0000
0000
0000
0000
,  // measure 1
0000
0000
0000
0000
,  // measure 2
0000
0000
0000
0000
,  // measure 3
0000
0000
0000
0000
,  // measure 4
0000
0000
0000
0000
,  // measure 5
0000
0000
0000
0000
,  // measure 6
0000
0000
0000
0000
,  // measure 7
0000
0000
0000
0000
,  // measure 8
0001
0000
0100
0000
,  // measure 9
0010
0000
0100
0000
,  // measure 10
0001
0000
1000
0000
,  // measure 11
0010
0000
1000
0000
,  // measure 12
0100
0000
1000
0000
,  // measure 13
0001
0000
0100
0000
,  // measure 14
0010
0000
0010
0000
,  // measure 15
0100
0000
0100
0000
,  // measure 16
0001
1000
0001
0000
,  // measure 17
1000
0100
1000
0000
,  // measure 18
0001
0100
0001
0000
,  // measure 19
0010
0100
0010
0000
,  // measure 20
0002
0003
1000
0000
,  // measure 21
0001
0010
0001
0000
,  // measure 22
0100
0001
0100
0000
,  // measure 23
0010
1000
0010
0000
,  // measure 24
0100
0000
0001
0000
,  // measure 25
1000
0000
0100
0000
,  // measure 26
0010
0000
0100
0000
,  // measure 27
1000
1000
0001
0001
,  // measure 28
1001
0000
0100
0000
,  // measure 29
0001
0010
0001
0000
,  // measure 30
1000
0000
0010
0000
,  // measure 31
0100
0000
0001
1000
,  // measure 32
0100
0000
1000
0000
,  // measure 33
0010
0100
0010
0000
,  // measure 34
1000
0000
0001
0000
,  // measure 35
0010
0000
0100
0100
,  // measure 36
1100
0000
1000
0000
,  // measure 37
0001
0000
0100
0000
,  // measure 38
0010
0000
0100
0000
,  // measure 39
0001
0000
1000
0000
,  // measure 40
0100
0000
1000
0000
,  // measure 41
0001
0000
1000
0000
,  // measure 42
0010
0000
1000
0000
,  // measure 43
0001
0000
0010
0010
,  // measure 44
0200
0000
0000
0000
,  // measure 45
1300
0000
0100
0000
,  // measure 46
0020
0000
0030
0000
,  // measure 47
0001
0000
1000
0000
,  // measure 48
0020
0000
0030
0000
,  // measure 49
0100
0000
0001
0000
,  // measure 50
0010
0000
0100
0000
,  // measure 51
1000
0010
0100
0001
,  // measure 52
0000
0000
0000
0000
,  // measure 53
1001
0000
0010
0000
,  // measure 54
1000
0100
1000
0000
,  // measure 55
0001
0000
0100
0000
,  // measure 56
0010
0000
1000
0001
,  // measure 57
1001
0000
1000
0000
,  // measure 58
0001
0000
0100
0000
,  // measure 59
0010
0000
0100
0000
,  // measure 60
0001
0000
1000
0000
,  // measure 61
0100
0000
1000
0000
,  // measure 62
0001
0000
1000
0000
,  // measure 63
0010
0000
0100
0000
,  // measure 64
0001
0000
0010
0010
,  // measure 65
0200
0000
1300
0000
,  // measure 66
0001
0100
0001
0000
,  // measure 67
1000
0000
0100
0000
,  // measure 68
0010
0100
2000
0000
,  // measure 69
3001
0000
0100
0000
,  // measure 70
0001
0000
0010
0000
,  // measure 71
0100
0000
1000
0000
,  // measure 72
0001
0000
0000
0000
0200
0000
0000
0300
;

//---------------dance-single - Benpai----------------
#NOTES:
     dance-single:
     Benpai SH:
     Hard:
     8:
     0.497536,0.484978,0.044366,0.680282,0.073944,471.000000,465.000000,6.000000,92.000000,16.000000,0.000000,0.497536,0.484978,0.044366,0.680282,0.073944,471.000000,465.000000,6.000000,92.000000,16.000000,0.000000:
  // measure 0
0000
0000
0000
0000
,  // measure 1
0000
0000
0000
0000
,  // measure 2
0000
0000
0000
0000
,  // measure 3
0000
0000
0000
0000
,  // measure 4
0001
1000
0100
1000
0010
0100
0001
1000
,  // measure 5
0100
1000
0001
0010
0000
0010
0010
0100
,  // measure 6
1000
0001
0100
0001
0010
0100
1000
0001
,  // measure 7
0100
0000
0001
0000
1000
0000
0100
0010
0100
0000
1000
0000
0001
0000
0000
0000
,  // measure 8
1000
0010
1000
0001
0200
0000
0301
2000
,  // measure 9
0000
3100
0010
0100
1000
0020
0000
0130
,  // measure 10
0001
1000
0100
0010
0001
0000
1000
0010
,  // measure 11
0100
0001
0000
0200
0000
0301
1000
0000
,  // measure 12
0010
1000
0001
1000
0200
0000
0310
0002
,  // measure 13
0000
0103
0001
1000
0100
0020
0000
0031
,  // measure 14
0100
0000
0000
0000
0001
0000
1000
0000
0100
1000
0001
0000
0000
0000
1000
0010
,  // measure 15
1000
0001
0000
0100
0020
0000
2030
0000
,  // measure 16
3001
0100
0001
1000
0100
1000
0001
1000
,  // measure 17
0010
0100
0001
2000
0000
3100
1000
0001
,  // measure 18
0100
0010
0100
0001
1000
0100
0010
0100
,  // measure 19
1000
0001
1000
0020
0000
0130
0001
1000
,  // measure 20
0200
0000
1300
0001
1000
0100
0010
0001
,  // measure 21
0010
0100
1000
0002
0000
0103
0100
0010
,  // measure 22
2000
0000
0000
0000
3100
0000
0000
0000
1000
0000
0100
0010
0001
0000
0001
0000
,  // measure 23
0100
0010
1000
0200
0000
1300
0001
0100
,  // measure 24
0100
00M0
00M0
00M0
00M0
0001
0010
0100
,  // measure 25
1000
000M
000M
000M
000M
0010
0100
0001
,  // measure 26
1000
0M00
0M00
0M00
0M00
0001
0010
0100
,  // measure 27
1000
0010
0100
0101
,  // measure 28
1001
1000
0100
0010
0100
2000
0000
3010
,  // measure 29
1000
0001
0010
0100
0010
0001
1000
0010
,  // measure 30
0100
0000
0002
2003
3002
0023
0030
0100
,  // measure 31
0200
0000
0000
0000
0000
0300
1000
0000
0001
0000
0001
0000
0200
0000
0000
0300
,  // measure 32
0010
0000
0100
0000
0001
0000
1000
0000
0100
0000
2000
0000
0000
3000
0001
0000
,  // measure 33
0010
0100
0010
0001
1000
0010
0100
0001
,  // measure 34
1000
0000
0000
0000
0002
0000
2003
0000
3002
0000
0023
0000
0030
0000
0100
1000
,  // measure 35
0200
0000
0000
0000
0300
0000
1000
0001
1000
0000
0010
0000
0100
0000
0001
0000
,  // measure 36
1001
0000
1000
0000
1000
0000
0100
0000
0020
0000
0000
0032
0000
0000
2003
0000
,  // measure 37
3001
0000
0100
0000
0001
0000
1000
0000
0200
0000
0000
2300
0000
0000
3020
0000
,  // measure 38
0130
0000
0001
0000
0001
0000
1000
0000
0200
0000
0000
0320
0000
0000
0032
0000
,  // measure 39
1003
0010
0100
0002
0000
0103
0010
1000
,  // measure 40
0001
0000
1000
0000
0100
0000
1000
0000
0020
0000
0130
0002
0000
0000
2003
0000
,  // measure 41
3100
0000
1000
0000
1000
0000
0001
0000
0200
0000
0301
2000
0000
0000
3200
0000
,  // measure 42
0310
0000
0100
0000
0100
0000
1000
0000
0001
0000
0100
0020
0000
0000
2030
0000
,  // measure 43
3001
0010
0100
0010
0001
0100
0001
1000
,  // measure 44
01MM
0020
0000
0000
0000
0130
0010
0001
,  // measure 45
1000
0000
0010
0000
1000
0000
0200
0000
0000
0300
2000
0000
0000
3000
0001
0000
,  // measure 46
0200
0000
0000
0000
0000
0000
0000
0300
0000
0000
0001
0000
0001
0000
0100
0000
,  // measure 47
0001
0000
1000
0000
0100
0000
0020
0000
0000
0030
0200
0000
0000
0300
1000
0001
,  // measure 48
2000
0000
0000
0000
0000
0000
0000
3000
0000
0000
0010
0000
0100
0000
0001
0000
,  // measure 49
0010
0200
0000
2300
0000
3002
0000
0103
,  // measure 50
0010
0100
0001
1000
0100
1000
0010
0100
,  // measure 51
0001
1000
0010
0110
,  // measure 52
4000
3000
0000
0000
0400
0000
0300
0000
0040
0000
0030
0000
0400
0000
0000
0300
,  // measure 53
1001
0001
0010
0100
0010
0002
0000
0103
,  // measure 54
0001
1000
0100
0010
0100
1000
0001
0100
,  // measure 55
0010
0000
2000
3002
2003
3200
0300
0010
,  // measure 56
0020
0000
0000
0000
0000
0030
0100
0000
1000
0000
1000
0000
0001
0000
0100
0000
,  // measure 57
0101
0000
0001
0000
0001
0000
0010
0000
0200
0000
0000
2300
0000
0000
3002
0000
,  // measure 58
1003
0000
0010
0000
1000
0000
0001
0000
0020
0000
0000
0032
0000
0000
0203
0000
,  // measure 59
0310
0000
1000
0000
1000
0000
0001
0000
0020
0000
0000
0230
0000
0000
2300
0000
,  // measure 60
3001
0100
0010
2000
0000
3010
0100
0001
,  // measure 61
1000
0000
0001
0000
0010
0000
0001
0000
0200
0000
0310
2000
0000
0000
3002
0000
,  // measure 62
0013
0000
0001
0000
0001
0000
1000
0000
0020
0000
1030
0002
0000
0000
0023
0000
,  // measure 63
0130
0000
0010
0000
0010
0000
0001
0000
1000
0000
0010
0200
0000
0000
0302
0000
,  // measure 64
1003
0100
0010
0100
1000
0010
1000
0001
,  // measure 65
1MM0
0020
0130
0001
1000
0100
0010
0100
,  // measure 66
1000
0020
0230
0302
2003
3200
0320
0032
,  // measure 67
1003
0000
0002
0000
0103
0000
0010
0000
0100
0000
0001
0000
1000
0000
0100
0010
,  // measure 68
0200
2300
3001
0000
0200
0000
0310
1000
,  // measure 69
0001
1000
0010
0100
0100
0001
1000
0100
,  // measure 70
1000
0010
0000
0100
0000
0100
0100
0001
,  // measure 71
1000
0010
0100
0001
1000
0100
0010
0001
,  // measure 72
1000
0010
0100
0001
0000
1000
0001
1000
;

//---------------dance-single - Benpai----------------
#NOTES:
     dance-single:
     Benpai SM:
     Medium:
     6:
     0.348592,0.323319,0.036972,0.584155,0.044366,330.000000,325.000000,5.000000,79.000000,14.000000,0.000000,0.348592,0.323319,0.036972,0.584155,0.044366,330.000000,325.000000,5.000000,79.000000,14.000000,0.000000:
  // measure 0
0000
0000
0000
0000
,  // measure 1
0000
0000
0000
0000
,  // measure 2
0000
0000
0000
0000
,  // measure 3
0000
0000
0000
0000
,  // measure 4
0001
0000
1000
0100
1000
0000
0010
0100
,  // measure 5
0001
0000
0000
1000
0000
1000
1000
0000
,  // measure 6
0001
0000
0100
0001
0010
0000
0100
1000
,  // measure 7
0001
0000
1000
0010
0000
0010
0010
0000
,  // measure 8
0100
0000
0001
1000
0100
0000
0010
0000
,  // measure 9
0100
0000
1000
0001
1000
0020
0000
0130
,  // measure 10
0001
0000
1000
0000
0100
0000
1000
0010
,  // measure 11
0100
0001
0000
2000
0000
3100
1000
0000
,  // measure 12
0010
0000
0100
0001
1000
0000
0010
0000
,  // measure 13
0100
0000
0001
1000
0100
0010
0000
0100
,  // measure 14
1000
0000
0001
0000
0100
0001
0000
1000
,  // measure 15
0000
0100
0000
0010
0002
0000
2003
0000
,  // measure 16
3001
0000
0100
0001
0100
0000
0010
0000
,  // measure 17
1000
0100
0010
0200
0000
0000
1300
0000
,  // measure 18
0001
0000
0100
0001
1000
0000
0100
0000
,  // measure 19
1000
0010
1000
0200
0000
0000
0310
0000
,  // measure 20
0002
0000
1003
0001
0100
0000
0010
0000
,  // measure 21
0100
0001
1000
0200
0000
0300
0100
0000
,  // measure 22
2000
0000
3001
0000
0100
0000
0010
1000
,  // measure 23
0001
0000
0100
0020
0000
0000
0130
0001
,  // measure 24
1000
00M0
00M0
00M0
00M0
0000
0010
0100
,  // measure 25
0001
M000
M000
M000
M000
0000
1000
0010
,  // measure 26
1000
0M00
0M00
0M00
0M00
0000
0001
1000
,  // measure 27
0100
0010
0100
1000
,  // measure 28
1001
0000
1000
0000
0100
2000
0000
3010
,  // measure 29
0100
0000
0001
0000
0010
0000
0100
0010
,  // measure 30
0001
0000
2000
0000
3200
2300
3000
0001
,  // measure 31
0200
0000
0000
0000
0000
0300
0001
0000
2000
0000
0000
0000
3200
0000
0000
0300
,  // measure 32
0010
0000
0001
0000
0100
0020
0000
0000
,  // measure 33
1030
0000
0100
1000
0001
0000
0100
0000
,  // measure 34
0010
0000
2000
0000
3200
2300
3000
0010
,  // measure 35
0200
0000
0300
0001
1000
0000
0100
0000
,  // measure 36
1001
0000
0000
0000
0001
0000
0000
0000
0200
0000
0000
0302
0000
0000
2003
0000
,  // measure 37
0000
0000
3100
0000
1000
0000
0000
0000
0020
0000
0000
0230
0000
0000
0302
0000
,  // measure 38
0000
0000
1003
0000
0001
0000
0000
0000
0200
0000
0000
0320
0000
0000
2030
0000
,  // measure 39
0000
3100
0010
0002
0000
1003
0010
0200
,  // measure 40
0000
0000
0301
0000
0100
0000
0000
0000
0020
0000
0000
2030
0000
0000
3002
0000
,  // measure 41
0000
0000
0103
0000
0001
0000
1000
0000
0200
0000
0000
0320
0000
0000
0032
0000
,  // measure 42
0000
0000
1003
0000
0001
0000
0000
0000
0200
0000
0000
0320
0000
0000
2030
0000
,  // measure 43
0000
3001
1000
0000
0100
0000
1000
0000
,  // measure 44
0020
0000
0000
0000
,  // measure 45
0130
0000
0001
1000
0000
0100
0000
1000
,  // measure 46
0002
0000
0000
0000
0000
0000
0000
0003
0000
0000
0100
0000
0001
0000
0000
0000
,  // measure 47
0100
0000
0010
1000
0000
0100
0000
1000
,  // measure 48
0002
0000
0000
0000
0000
0000
0000
0003
0000
0000
0100
0000
0010
0000
0000
0000
,  // measure 49
1000
0001
0000
0100
0000
0010
0000
1000
,  // measure 50
0100
1000
0000
0001
0000
1000
0010
0000
,  // measure 51
0100
0001
0010
0110
,  // measure 52
4000
3000
0000
0000
0400
0000
0300
0000
0040
0000
0030
0000
0004
0000
0003
0000
,  // measure 53
0101
0000
0100
0000
0010
2000
0000
3100
,  // measure 54
0010
0000
0100
0000
1000
0000
0001
0100
,  // measure 55
0010
0000
2000
0000
3200
2300
3000
0001
,  // measure 56
0200
0000
0300
0010
1000
0000
0100
0000
,  // measure 57
0011
0000
0000
0000
0001
0000
0000
0000
0200
0000
0000
0302
0000
0000
2003
0000
,  // measure 58
0000
0000
3100
0000
1000
0000
0000
0000
0020
0000
0000
0230
0000
0000
0302
0000
,  // measure 59
0000
0000
1003
0000
0001
0000
0000
0000
0200
0000
0000
0320
0000
0000
2030
0000
,  // measure 60
0000
3100
0010
0002
0000
1003
0010
0200
,  // measure 61
0000
0000
0301
0000
0100
0000
0000
0000
0020
0000
0000
2030
0000
0000
3002
0000
,  // measure 62
0000
0000
0103
0000
0001
0000
1000
0000
0200
0000
0000
0320
0000
0000
0032
0000
,  // measure 63
0000
0000
1003
0000
0001
0000
0000
0000
0200
0000
0000
0320
0000
0000
2030
0000
,  // measure 64
0000
3001
1000
0000
0100
0000
1000
0001
,  // measure 65
1MM0
0000
0002
0000
0000
0000
0000
0000
0000
0000
0000
0000
0000
0000
0000
0003
,  // measure 66
0000
0020
0230
2300
3001
0000
0200
0320
,  // measure 67
0030
0000
2000
0000
0000
0000
0000
0000
0000
0000
0000
3000
0000
0000
0100
0000
,  // measure 68
0200
0000
0300
0000
1000
0000
0000
0000
0020
0000
0000
0000
0000
0030
0000
0000
,  // measure 69
0100
0000
0001
1000
0100
0000
1000
0001
,  // measure 70
0100
0010
0000
0100
0000
0100
0100
0000
,  // measure 71
0001
0000
1000
0100
1000
0000
0001
0100
,  // measure 72
0010
0000
0100
0001
0000
1000
0001
1000
;
